Feluppskattning:
E_trunk = 1.24652e-09
E_svans = 1e-09
E_tot = 2.24652e-09
