Feluppskattning:
E_trunk = 1.24652e-09
E_svans = 6.0526e-09
E_tot = 7.29912e-09
